 1871   197  108  145  340  637 2081 2778 1795 1836  369  324   68
 1872    76   75   74  241  439 1893 2913 2453 1880  785  277  191
 1873    37  136  151  242  429 1130 2646 2143 1656  607  116   90
 1874    86  158  108  170  684 2280 3071 2336 2063  933  187   40
 1875    98  113  131  232  505 1926 3080 2188 2106  567   63   71
 1876    10   20  160  166  425 1234 2968 1956 1621  465   96   25
 1877   292  235  241  354  675 1425 1565 1570 1483 1079  188  365
 1878   108   91  103  362  665 1305 2941 3393 2125  799  273  141
 1879    22  108   81   83  878 1901 2241 3222 1616  866  206   71
 1880    39  166  151  211  497 1876 2718 1768 1841  878  529  111
 1881    12   32  330  237  530 1608 2927 2647 1435  494  347   61
 1882   101   95   90  188  597 2131 3312 1903 1686  740  597   61
 1883   180   37  190  166  622 2043 2691 1880 1881  830  282  156
 1884    70   74   83  203  384 1593 2925 2426 2386  866  270  305
 1885    96   98  136  200  529 1941 2728 2481 1328  738  322  502
 1886    50   12  222  125  711 1978 3160 2218 1391 1321  215  171
 1887   176    6  148  210  552 1898 3013 2576 1508  880  412  131
 1888   197  136  120  260  532 1323 2743 2801 1250  382  532   73
 1889   106  135   66  243  449 2036 2798 2782 1693  941  253   68
 1890    27   12  172  262  359 2280 3010 2141 1626  648  352  136
 1891   115  135  349  207  595  835 2572 2298 2223  602  172   71
 1892    54  106   56  329  542 1581 3140 3063 2136  994  126   70
 1893   226  283  467  252  946 2416 2568 2310 2256  970  643   22
 1894   116  145  182  248  360 2168 3115 2416 2018 1388  385  138
 1895   110   78  118  377  415 1983 2567 2300 1388  794  135  120
 1896    32   60   69  171  412 2035 2847 2635  774  150  435  176
 1897    93  125  208  217  435 1426 2600 2906 1981  856  130   17
 1898    22  307   27  212  375 1718 2930 2208 1993  655  392  126
 1899    59   66   74  522  527 1953 1878 1441 1020  507   40   25
 1900   153   68  103  385  407 1288 2521 2713 2373  490  105  141
 1901   275  337  113  316  392 1150 2226 2591 1256  540  432   96
 1902    66   25  101  355  419 1039 2797 1973 2113  698  278  270
 1903    86   55  103  121  564 1270 2790 2593 1958 1288  435  153
 1904    60   86  203  312  686 1796 2476 1971 1263  708   90   98
 1905   128  145  287  272  477  909 2456 2053 1748  610   98   25
 1906   151  385  221  135  327 1818 2877 2418 1740  544  200  265
 1907    63  325  257  524  265 1541 2218 3015 1004  206  237  128
 1908   156  126   68  156  390 1279 3166 2956 1573  425   60   18
 1909   162   58   30  605  520 2098 2962 2226 1608  369  101  245
 1910    55   43   80  212  357 2118 2378 2827 2028 1085  380    4
 1911   162   12  242  196  442 1926 1535 2111 1795  725  415  115
 1912    70  187  130  310  362 1060 3207 2581 1215  660  560   25
 1913    12  311  163  205  701 2151 2642 1881 1170  731  180  208
 1914    12  121  148  345  635 1616 3208 2330 1830  410  207  156
 1915   185  257  390  260  632 1568 2298 2131 1811  888  545   61
 1916    12   93   34  233  482 1991 2582 2897 2036 1473  509   30
 1917    32  347  146  233  715 2143 2466 2756 2678 1596  317   45
 1918   106   20  146  187  880 1813 1436 2206 1056  148  472  111
 1919   375  123  116  203  514 1795 2712 2808 1531  708  590  138
 1920   207   88  256  227  455 1426 2917 1628 1220  485  303    5
 1921   296   22  111  320  296 1673 2667 2363 1960  664  192   45
 1922   228   48   41  170  372 1803 2911 2028 1950  517  648   93
 1923   108  263  158  207  399  936 2971 2606 1721  609  207  140
 1924   141   70   55  227  407 1109 3000 2251 2270  617  629  106
 1925    43   24   95  306  806 1871 2860 2133 1174  720  435  177
 1926   267   50  417  271  519  815 2877 3237 2100  532  110   56
 1927    80  232  163  233  442 1611 3196 2218 1508  614  612   93
 1928   100  282   86  230  410 1541 2835 1983 1321 1240  168  168
 1929   178  153   96  407  459 1828 2871 2213 1301  920  201  265
 1930    88  116  113  250  537 1731 2802 1783 1730  974  594   98
 1931    41  173   98  212  432 1149 2827 2898 1900 1283  465  246
 1932    15  161  113  222  656 1121 3137 2041 1736  704  607   80
 1933    79  202  108  360 1011 2023 2572 3103 2061  914  197  176
 1934   146   75   88  257  332 2036 2548 2838 1713  694  342   50
 1935   148  105   65  283  206 1403 3047 2218 1768  545  108   91
 1936    60  292  182  187  838 2395 2605 2190 1896  701  625  103
 1937    11  410  118  485  470 1558 3283 1891 1688  946  213  101
 1938   116  146  155  193  645 2388 2678 2421 1596  784  167   32
 1939    74  162  180  288  287 1475 2528 2368 1526  935  334   12
 1940    75  172  342  193  674 1693 2885 2843 1113  723  455  151
 1941   197  105   70  232  609 1643 2183 2098 1360  681  272  126
 1942   133  275   93  342  425 1738 3226 2808 1806  382  206  222
 1943   405   75  113  352  765 1533 2972 2138 2041  985  186   35
 1944   190  281  507  238  400 1373 3461 2975 1398  955  301   88
 1945   236   56   48  340  405 1588 3137 2258 2126  830  201   27
 1946    11  111  151  432  527 2076 2823 2767 1373  885  851  317
 1947   170  110  162  307  395 1229 2910 2962 2358  689   68  195
 1948   255  141  118  277  651 1505 2795 2610 1833  660  815   35
 1949    41  110   54  370  805 1381 2947 2383 2330 1000  106   12
 1950    58  178  225   81  440 1468 3230 2238 1836  520  332   73
 1951    60   20  280  362  470 1551 2543 2076 1219  795  340   10
 1952    22  116  153  273  648 1618 2767 2368 1180  811   63  181
 1953   192   44  101  273  367 1563 3001 2868 1798  933  138   18
 1954   130  162  118  197  442 1383 2837 2230 2406  799   18  135
 1955   156   29  126  285  660 1798 2240 3040 2226 1453  316  106
 1956    86   71  162  227  870 2080 3416 2538 1801 1526  485   90
 1957   245   70  261  192  495 1453 2620 2603 1210  597  261   65
 1958    70  106   96  282  602 1151 2900 2702 2141 1020  350   50
 1959   202  101   96  227  585 1573 3211 2501 2156 1333  215   44
 1960    90   12  232  131  555 1461 2777 2503 1658  761  392   50
 1961   166  245  163  176  675 1871 3162 2737 2433 1258  187   70
 1962    91  111  116  345  582 1060 2593 2363 2083  844  153  287
 1963    73   51  141  320  472 1525 2396 3028 1628  989  228  101
 1964    15   58   83  248  437 1438 3131 2637 2021  734  257   65
 1965    55   93  148  243  347 1105 2668 1893 1428  362  158  221
 1966   148   51   51  162  520 1658 2376 1983 1385  580  612  178
 1967    91   27  527  226  332 1415 2923 2575 1688  420  131  497
 1968   151  121  201  270  317 1365 2887 1946 1348  704  237   70
 1969    40   27   96  242  557 1210 3005 2388 1710  597  439  140
 1970   170  207  185  241  580 2108 2228 2988 2073  763  195    8
 1971   113  103   93  460  701 2195 2493 2588 1593 1053  138  101
 1972    25  131   48  206  449 1225 1838 2173 1293  634  308  160
 1973    46  120   78  195  487 1413 2787 3075 1861 1260  197  178
 1974    18   39  138  222  607 1060 2737 2281 1403 1065  120   41
 1975    68   96  138  165  405 1801 2901 2647 2278 1218  251   27
 1976    48   81  126  298  367 1418 2882 2787 1481  320  617   40
 1977    70   58   85  490  720 1883 3107 2395 1448  894  714   86
 1978    74  217  196  233  504 1996 2761 2736 1601  552  442  230
 1979   146  272  100  158  405 1435 2258 1991 1395  462  883  120
 1980    44   54  170  246  440 2151 2782 2535 1360  519  242  178
 1981   163   74  247  276  584 1386 2888 2263 1983  510  292  128
 1982   167  111  250  365  505 1296 2163 2685 1210  487  504   56
 1983    74  106  126  354  550 1378 2737 2935 2508  900  123  262
 1984   161  267  121  280  390 1738 2612 2592 1425  602  131   79
 1985   171   69   96  237  439 1405 2535 2185 1475 1140  193  131
 1986   148  281   75  310  435 1776 2385 2136 1135  706  387  168
 1987   113   93  167  217  447 1159 2068 2371 1375  866  542  235
 1988    25  111  188  320  502 1565 3232 2762 2056  502  226  103
 1989    61   39  192  167  425 1836 2862 2311 1658  485  150  121
 1990    51  257  237  300 1078 1721 2631 2833 1901 1008  335   88
 1991    88   83  138  296  509 1808 2558 2328 1153  609  355  131
 1992    61  101   40  167  484 1210 2248 2803 1586  656  495   75
 1993    27  165  182  278  664 1840 2807 2201 2118  890  292  220
 1994   136  197  141  372  394 2153 3165 2653 1411  858  332   40
 1995   274  135  192  192  860 1256 2768 2178 1701  841  393   59
 1996   129  171  135  259  394 1882 2443 2661 1538  952  161  159
 1997   106   38  146  399  428 1756 2674 2621 1655  753  574  601
 1998   133  148  264  296  481 1464 2542 2416 2090 1155  478  108
 1999    44  127   35  117  983 1707 2528 2066 1904 1238  168   40   
